[17148.931740] [Project1] 4867 1588330475.717259824 1588330476.491668629
[17150.541387] [Project1] 4868 1588330477.344851245 1588330478.101465697
[17152.246971] [Project1] 4869 1588330478.956924533 1588330479.807210008
[17153.933256] [Project1] 4870 1588330480.621384595 1588330481.493647982
[17155.565027] [Project1] 4871 1588330482.293772484 1588330483.125577613
[17157.219631] [Project1] 4872 1588330483.934233521 1588330484.780334511
[17158.773900] [Project1] 4873 1588330485.586373541 1588330486.334754546
[17160.395216] [Project1] 4874 1588330487.210075038 1588330487.956221708
[17161.995294] [Project1] 4875 1588330488.811884120 1588330489.556448376
[17163.631808] [Project1] 4876 1588330490.445344398 1588330491.193114701
